52.6229301073256, 81.3510662265217, 72.9725975966321, 52.6229301073256, 15.1023871873510, 53.8516480713450
51.3194997372329, 81.4711717729351, 72.9725975966321, 51.3194997372329, 14.7183707619790, 53.8516480713450
58.5236481618805, 25.2164523262204, 72.9725975966321, 58.5236481618805, 64.4263909981172, 53.8516480713450
58.8359530825211, 25.2292914308104, 72.9725975966321, 58.8359530825211, 64.4872731302624, 53.8516480713450
66.3380734487872, 82.2290504315371, 72.9725975966321, 66.3380734487872, 26.7506275209606, 53.8516480713450
67.6366532405424, 82.3368386144994, 72.9725975966321, 67.6366532405424, 27.6510769017844, 53.8516480713450
60.9785927371147, 12.7438248080955, 72.9725975966321, 60.9785927371147, 77.1912580875489, 53.8516480713450
67.8663743813971, 11.8887538269134, 72.9725975966321, 67.8663743813971, 78.2248773887694, 53.8516480713450
56.3480412124250, 16.7155788137743, 72.9725975966321, 56.3480412124250, 77.0675675400010, 53.8516480713450
71.1931685714827, 13.7415510196128, 72.9725975966321, 71.1931685714827, 79.0292274197514, 53.8516480713450
71.6272213724205, 18.1002665818543, 72.9725975966321, 71.6272213724205, 96.9626674050242, 53.8516480713450
78.3251790708737, 13.2414255661349, 72.9725975966321, 78.3251790708737, 97.3694325640184, 53.8516480713450
52.2357365408305, 73.7620425861800, 72.9725975966321, 52.2357365408305, 20.2501087170858, 53.8516480713450
47.8745173070270, 74.2764712501752, 72.9725975966321, 47.8745173070270, 19.5875101544703, 53.8516480713450
78.0407626288171, 80.0679444986663, 72.9725975966321, 78.0407626288171, 76.2450485552412, 53.8516480713450
77.9158356114689, 80.0637084876090, 72.9725975966321, 77.9158356114689, 76.2159309796722, 53.8516480713450
66.9930129267738, 15.4901027503787, 72.9725975966321, 66.9930129267738, 80.2360207469974, 53.8516480713450
64.7260486602674, 16.2352240447599, 72.9725975966321, 64.7260486602674, 79.9813098004684, 53.8516480713450
59.7738214795775, 46.8941206788311, 72.9725975966321, 59.7738214795775, 74.6821022031533, 53.8516480713450
72.5151054756521, 46.7045783648923, 72.9725975966321, 72.5151054756521, 76.8136043670522, 53.8516480713450
76.3165193766087, 7.73802743053402, 72.9725975966321, 76.3165193766087, 90.8152955645609, 53.8516480713450
76.6844252106060, 7.91187721697377, 72.9725975966321, 76.6844252106060, 90.8892319395830, 53.8516480713450
64.3693770900607, 51.1106534997273, 72.9725975966321, 64.3693770900607, 54.1680093972208, 53.8516480713450
59.6685225052176, 50.8542637994366, 72.9725975966321, 59.6685225052176, 52.8832885946671, 53.8516480713450
78.0947341190635, 11.0418927413381, 72.9725975966321, 78.0947341190635, 97.2388376362845, 53.8516480713450
83.1161038480121, 12.7496932685098, 72.9725975966321, 83.1161038480121, 98.2333772997185, 53.8516480713450
75.9383911395511, 6.17385978641209, 72.9725975966321, 75.9383911395511, 89.5614178545366, 53.8516480713450
68.2317497318583, 9.55259495553225, 72.9725975966321, 68.2317497318583, 88.5524842859548, 53.8516480713450
67.5894430259233, 102.276554865860, 72.9725975966321, 67.5894430259233, 18.2712617606888, 53.8516480713450
72.3954383827618, 102.070605931114, 72.9725975966321, 72.3954383827618, 20.8500426924179, 53.8516480713450
53.4093433562276, 88.2440226086275, 72.9725975966321, 53.4093433562276, 11.2310839833364, 53.8516480713450
67.4810448526057, 88.1054513879688, 72.9725975966321, 67.4810448526057, 21.1379840399356, 53.8516480713450
60.6356675345007, 53.3740983979192, 72.9725975966321, 60.6356675345007, 59.8123875768357, 53.8516480713450
62.0698153756604, 53.1607653642446, 72.9725975966321, 62.0698153756604, 59.9544439035309, 53.8516480713450
49.4674012523238, 62.1211716647807, 72.9725975966321, 49.4674012523238, 31.4157751270238, 53.8516480713450
59.9201018650418, 62.2436951230027, 72.9725975966321, 59.9201018650418, 35.0402622971286, 53.8516480713450
48.7505936255181, 42.1530243085457, 72.9725975966321, 48.7505936255181, 49.2473359038252, 53.8516480713450
55.5171023439673, 42.2373041019031, 72.9725975966321, 55.5171023439673, 50.7158325174896, 53.8516480713450
67.0788997182815, 34.7069431693617, 72.9725975966321, 67.0788997182815, 73.0801273291927, 53.8516480713450
66.8666631093640, 34.6638535013151, 72.9725975966321, 66.8666631093640, 73.0248454182799, 53.8516480713450
79.6791938346089, 84.5538554986104, 72.9725975966321, 79.6791938346089, 69.5502545209334, 53.8516480713450
89.5585210755748, 84.6036771605120, 72.9725975966321, 89.5585210755748, 71.9608992777954, 53.8516480713450
63.0974014023368, 23.8304212091454, 72.9725975966321, 63.0974014023368, 71.8750500169490, 53.8516480713450
68.4132707965302, 25.3074818666524, 72.9725975966321, 68.4132707965302, 73.2386868884867, 53.8516480713450
61.5028558065910, 64.2388988958609, 72.9725975966321, 61.5028558065910, 56.8900547925827, 53.8516480713450
69.1961372383302, 64.9692643977166, 72.9725975966321, 69.1961372383302, 59.2711946023798, 53.8516480713450
46.3877656640229, 43.5020865084086, 72.9725975966321, 46.3877656640229, 57.5214863301655, 53.8516480713450
61.0848546867044, 42.6611092580406, 72.9725975966321, 61.0848546867044, 59.7215144937203, 53.8516480713450
62.6556972802519, 59.8111610646297, 72.9725975966321, 62.6556972802519, 51.1474149358269, 53.8516480713450
59.1850911289359, 59.4455104181175, 72.9725975966321, 59.1850911289359, 49.9659959717404, 53.8516480713450
60.9832629821867, 90.0531945624177, 72.9725975966321, 60.9832629821867, 16.9411160267502, 53.8516480713450
68.8237686161247, 90.3907000309884, 72.9725975966321, 68.8237686161247, 23.2222437697692, 53.8516480713450
46.2375289369435, 64.6740598580020, 72.9725975966321, 46.2375289369435, 49.5774749531887, 53.8516480713450
60.6205889239153, 63.2728896499997, 72.9725975966321, 60.6205889239153, 51.2044432008313, 53.8516480713450
63.2727405434648, 17.3814007438953, 72.9725975966321, 63.2727405434648, 72.8102215960126, 53.8516480713450
68.9738300046467, 19.3658688685198, 72.9725975966321, 68.9738300046467, 74.2324545125418, 53.8516480713450
78.1839350769646, 25.4960221100253, 72.9725975966321, 78.1839350769646, 89.8481975726250, 53.8516480713450
83.2249050437141, 27.0069294714174, 72.9725975966321, 83.2249050437141, 91.0982530401323, 53.8516480713450
69.2687026070197, 100.653170301638, 72.9725975966321, 69.2687026070197, 20.1198425323487, 53.8516480713450
67.9577834931955, 100.736056623808, 72.9725975966321, 67.9577834931955, 19.5495122366715, 53.8516480713450
61.9244779643212, 97.6414887100252, 72.9725975966321, 61.9244779643212, 13.0897091617955, 53.8516480713450
73.1233595962593, 97.7562249030972, 72.9725975966321, 73.1233595962593, 22.1754997074334, 53.8516480713450
59.2641426551787, 39.5339265145106, 72.9725975966321, 59.2641426551787, 53.1365371079027, 53.8516480713450
46.7159811537499, 39.2102446329160, 72.9725975966321, 46.7159811537499, 50.3699313552745, 53.8516480713450
66.9978263180482, 74.0212538467413, 72.9725975966321, 66.9978263180482, 61.3043264684769, 53.8516480713450
74.3633192825027, 72.9277577485898, 72.9725975966321, 74.3633192825027, 61.9508580391100, 53.8516480713450
83.1669435991587, 74.9173241538887, 72.9725975966321, 83.1669435991587, 68.6315106635394, 53.8516480713450
74.3943500769828, 74.8536695757138, 72.9725975966321, 74.3943500769828, 66.5297913086068, 53.8516480713450
60.7767837496585, 36.0892121583884, 72.9725975966321, 60.7767837496585, 61.0534836969032, 53.8516480713450
62.8486950029874, 36.2838809802545, 72.9725975966321, 62.8486950029874, 61.5631960141290, 53.8516480713450
56.1326739744967, 50.4863449133657, 72.9725975966321, 56.1326739744967, 62.9857737924688, 53.8516480713450
68.5775770246336, 51.1818500981547, 72.9725975966321, 68.5775770246336, 65.8344719903749, 53.8516480713450
55.4656217753279, 61.5792966277446, 72.9725975966321, 55.4656217753279, 31.1929699361465, 53.8516480713450
47.4294837354464, 61.4842309890204, 72.9725975966321, 47.4294837354464, 28.2536055902526, 53.8516480713450
62.8422460179873, 54.5719793461947, 72.9725975966321, 62.8422460179873, 57.5256651565034, 53.8516480713450
64.1878066152626, 54.5268036928481, 72.9725975966321, 64.1878066152626, 57.7879277302300, 53.8516480713450
60.8517574636968, 55.9451784082506, 72.9725975966321, 60.8517574636968, 61.4874556098976, 53.8516480713450
64.5253228496757, 55.2921914066127, 72.9725975966321, 64.5253228496757, 61.7633720954232, 53.8516480713450
71.7747497213225, 14.1619106273088, 72.9725975966321, 71.7747497213225, 93.3089687047150, 53.8516480713450
80.2955993961541, 11.3883250369041, 72.9725975966321, 80.2955993961541, 94.3876302559169, 53.8516480713450
46.8878807111827, 75.7581241106365, 72.9725975966321, 46.8878807111827, 18.6710008852495, 53.8516480713450
53.7411195745483, 75.2550577695812, 72.9725975966321, 53.7411195745483, 20.6338912975052, 53.8516480713450
89.5037536167825, 84.2197633710516, 72.9725975966321, 89.5037536167825, 78.9904833496123, 53.8516480713450
94.2631491020375, 84.6713290805029, 72.9725975966321, 94.2631491020375, 80.4700731577867, 53.8516480713450
51.8609397350965, 53.1430928129642, 72.9725975966321, 51.8609397350965, 45.2448287860015, 53.8516480713450
59.6406147859831, 52.9428620134025, 72.9725975966321, 59.6406147859831, 46.9424154022502, 53.8516480713450
51.6718748362471, 46.3485824098466, 72.9725975966321, 51.6718748362471, 59.5279918556974, 53.8516480713450
53.1887607468368, 46.1262495271625, 72.9725975966321, 53.1887607468368, 59.6569022137603, 53.8516480713450
61.0135267029373, 71.3518831350041, 72.9725975966321, 61.0135267029373, 33.3587252192478, 53.8516480713450
61.1352019839280, 71.3652731614908, 72.9725975966321, 61.1352019839280, 33.4261250167102, 53.8516480713450
69.2535635592335, 13.7267904583138, 72.9725975966321, 69.2535635592335, 86.5654842115265, 53.8516480713450
73.1200831680227, 12.5747534805156, 72.9725975966321, 73.1200831680227, 87.0599843509785, 53.8516480713450
71.6695817653654, 10.6810511129338, 72.9725975966321, 71.6695817653654, 93.7376854550879, 53.8516480713450
72.7860082632856, 9.39153454672718, 72.9725975966321, 72.7860082632856, 93.7992608648136, 53.8516480713450
64.7091233759534, 23.2646927647542, 72.9725975966321, 64.7091233759534, 82.8526032367088, 53.8516480713450
75.4027466043480, 24.3193556202394, 72.9725975966321, 75.4027466043480, 84.8785171598487, 53.8516480713450
62.5409174289811, 46.6672244390110, 72.9725975966321, 62.5409174289811, 63.4943341571300, 53.8516480713450
65.9338328396692, 47.1864780701904, 72.9725975966321, 65.9338328396692, 64.4802168322436, 53.8516480713450
56.9346113081614, 92.7683091375019, 72.9725975966321, 56.9346113081614, 12.8925271294298, 53.8516480713450
56.8633093840507, 92.7776636867481, 72.9725975966321, 56.8633093840507, 12.8834394784200, 53.8516480713450