16.806892351209,65.931603804644,4.350972349057
16.806892351209,65.931603804644,0.000000000000
65.350792322532,35.512255152350,2.322992102285
65.350792322532,35.512255152350,0.000000000000
41.010048247429,87.231813195212,4.019747132228
41.010048247429,87.231813195212,0.000000000000
72.596199088732,23.664794751042,2.445604691442
72.596199088732,23.664794751042,0.000000000000
72.144810088473,23.294819762307,4.232839746501
72.144810088473,23.294819762307,0.000000000000
77.563828004821,2.009195954984,2.597874747673
77.563828004821,2.009195954984,0.000000000000
39.230744577943,76.278587143390,0.723903820750
39.230744577943,76.278587143390,0.000000000000
0.325340816674,7.304316647187,2.345415149547
0.325340816674,7.304316647187,0.000000000000
82.381188388748,30.167171981831,2.759926513318
82.381188388748,30.167171981831,0.000000000000
34.723259839797,6.789926069860,2.673067044466
34.723259839797,6.789926069860,0.000000000000
86.192448583438,19.046039870376,4.166051267306
86.192448583438,19.046039870376,0.000000000000
69.743193873806,64.807253302985,3.734205947657
69.743193873806,64.807253302985,0.000000000000
80.046729266113,4.023832021504,4.485080486139
80.046729266113,4.023832021504,0.000000000000
83.668422816096,18.483530088462,2.282106669079
83.668422816096,18.483530088461,0.000000000000
20.496170935967,97.929519594028,3.010058152976
20.496170935967,97.929519594028,0.000000000000
12.789664757496,71.414702584561,1.093286196097
12.789664757496,71.414702584561,0.000000000000
78.489307343442,67.928780994654,1.801479728824
78.489307343442,67.928780994654,0.000000000000
48.791697958641,68.482951667265,3.728225517662
48.791697958641,68.482951667265,0.000000000000
44.839309162129,38.058742255955,1.038671538942
44.839309162129,38.058742255955,0.000000000000
45.847105289855,13.542820866431,1.315182136269
45.847105289855,13.542820866431,0.000000000000
86.909440061348,98.884329588139,0.165493324032
86.909440061348,98.884329588139,0.000000000000
56.759181713199,19.547410999858,2.490495604701
56.759181713199,19.547410999858,0.000000000000
16.429935492907,24.224690659609,0.542572381174
16.429935492907,24.224690659609,0.000000000000
39.168533321250,25.768243628506,2.509296370422
39.168533321250,25.768243628506,0.000000000000
23.197348491533,32.099253958241,0.487376549601
23.197348491533,32.099253958241,0.000000000000
8.940972122299,70.295807258582,2.480754149378
8.940972122299,70.295807258581,0.000000000000
18.768313714259,30.584031334491,3.896283847379
18.768313714259,30.584031334492,0.000000000000
65.560433416760,24.477026888919,2.104225552799
65.560433416760,24.477026888919,0.000000000000
96.499323070017,34.360467653483,2.305446053979
96.499323070016,34.360467653483,0.000000000000
23.953311653409,98.541513224280,3.154102525686
23.953311653409,98.541513224280,0.000000000000
7.334370428126,79.874573162271,4.076088608202
7.334370428126,79.874573162271,0.000000000000
50.341942433995,40.041924437676,0.883885788230
50.341942433995,40.041924437676,0.000000000000
80.730714041737,87.920968790437,4.591571092616
80.730714041737,87.920968790436,0.000000000000
85.777968457392,89.345318377909,0.606217168060
85.777968457392,89.345318377909,0.000000000000
71.951625092406,50.139220810718,1.538029042983
71.951625092406,50.139220810718,0.000000000000
29.852839351955,17.989308862429,0.093426075632
29.852839351955,17.989308862429,0.000000000000
35.600767565183,57.399769928109,4.237574059846
35.600767565183,57.399769928109,0.000000000000
76.006999381226,69.377897454100,0.211242062258
76.006999381226,69.377897454100,0.000000000000
80.688240514871,70.132305889279,4.883055332041
80.688240514872,70.132305889279,0.000000000000
90.028558025588,18.337733651104,3.798341979286
90.028558025588,18.337733651103,0.000000000000
20.749493459215,61.383365622661,4.938799215544
20.749493459215,61.383365622661,0.000000000000
96.237537850954,97.635919765632,1.284936901011
96.237537850954,97.635919765632,0.000000000000
62.400856935274,64.826350469114,0.035042025216
62.400856935274,64.826350469114,0.000000000000
34.731311053995,22.422620156758,4.463981011302
34.731311053996,22.422620156758,0.000000000000
19.127621380274,51.498889180778,0.591017700017
19.127621380274,51.498889180778,0.000000000000
87.037974573648,25.416528733130,4.521694511760
87.037974573648,25.416528733130,0.000000000000
79.700012779236,7.763976956463,0.041271794723
79.700012779236,7.763976956463,0.000000000000
58.871196127778,6.969839718595,0.821000238827
58.871196127778,6.969839718595,0.000000000000
33.775401586966,19.703865819239,4.184544053950
33.775401586964,19.703865819240,0.000000000000
8.772029384175,73.785785666537,2.794648412682
8.772029384175,73.785785666538,0.000000000000
40.391524136401,14.134510499420,2.386836113050
40.391524136401,14.134510499420,0.000000000000
50.041792450634,98.421170718876,3.595371222551
50.041792450634,98.421170718875,0.000000000000
21.502027211809,37.483666463895,2.867520283080
21.502027211809,37.483666463895,0.000000000000
65.775658930963,65.658612516008,1.828414035335
65.775658930963,65.658612516008,0.000000000000
14.835704813205,89.847859225318,4.323728207810
14.835704813204,89.847859225319,0.000000000000
15.321497336699,26.945918985817,0.052750779077
15.321497336699,26.945918985817,0.000000000000
0.908626380608,71.224623619281,1.985168527559
0.908626380608,71.224623619280,0.000000000000
37.996045291232,7.683170795930,3.696299841122
37.996045291233,7.683170795928,0.000000000000
82.186942010858,92.614710718361,3.024306532241
82.186942010858,92.614710718361,0.000000000000
24.817561069981,67.920331872867,3.672195225679
24.817561069982,67.920331872867,0.000000000000
96.020997006532,82.579494867598,2.811407027713
96.020997006531,82.579494867598,0.000000000000
24.383701214523,2.228735891072,2.359410064704
24.383701214523,2.228735891073,0.000000000000
69.127676281742,88.416480596789,4.625269620925
69.127676281742,88.416480596790,0.000000000000
8.033846358545,45.804719493580,1.483348353891
8.033846358545,45.804719493580,0.000000000000
23.794106545200,37.406635489450,3.420864660651
23.794106545201,37.406635489450,0.000000000000
56.854891759767,4.396378229011,4.924361335409
56.854891759766,4.396378229011,0.000000000000
36.751482739185,98.882520517233,3.004493722677
36.751482739185,98.882520517233,0.000000000000
86.626406483886,26.505870584683,3.457650162557
86.626406483887,26.505870584682,0.000000000000
57.188217876281,80.461890072579,3.399160934385
57.188217876281,80.461890072578,0.000000000000
18.276020279483,43.745916290011,0.382008016915
18.276020279483,43.745916290011,0.000000000000
73.560763872377,86.831603353138,0.125947171170
73.560763872377,86.831603353138,0.000000000000
10.122738942860,71.609430805492,3.549839008685
10.122738942861,71.609430805492,0.000000000000
79.965105241337,78.798764429554,4.761726263780
79.965105241339,78.798764429554,0.000000000000
33.865966332173,12.410889771177,0.263368039108
33.865966332173,12.410889771177,0.000000000000
12.505825469552,45.531742733578,3.494518946824
12.505825469553,45.531742733577,0.000000000000
61.190642213368,38.469145307686,4.415829125441
61.190642213369,38.469145307686,0.000000000000
19.535341966746,99.483991854980,3.388600177092
19.535341966747,99.483991854979,0.000000000000
5.895965203261,63.876490664275,4.736356063551
5.895965203261,63.876490664274,0.000000000000
21.383915270645,30.612546454046,3.400387223177
21.383915270645,30.612546454047,0.000000000000
98.559318808918,15.403090045751,0.688780430534
98.559318808917,15.403090045751,0.000000000000
21.803184653414,58.458919650748,1.759551995431
21.803184653414,58.458919650748,0.000000000000
73.748399652463,55.527229688518,0.777355884595
73.748399652463,55.527229688518,0.000000000000
14.038304872803,87.448736231154,2.161259361203
14.038304872803,87.448736231154,0.000000000000
36.895326751803,50.063349984860,3.478332545723
36.895326751803,50.063349984860,0.000000000000
31.041969022883,7.788265431290,1.066332984901
31.041969022883,7.788265431290,0.000000000000
37.948172305063,77.346831813487,1.918229682835
37.948172305063,77.346831813487,0.000000000000
66.386269267729,8.713983700729,0.813180806381
66.386269267729,8.713983700729,0.000000000000
17.760429762809,75.456933513061,2.733730410369
17.760429762808,75.456933513062,0.000000000000
40.807840481408,11.262264648115,4.842568670226
40.807840481408,11.262264648115,0.000000000000
3.260031477103,1.549784471829,3.581550429799
3.260031477101,1.549784471829,0.000000000000
39.331163740922,12.038892368807,0.496809054943
39.331163740922,12.038892368807,0.000000000000
56.609173858237,40.990634594590,3.406566081933
56.609173858238,40.990634594591,0.000000000000
79.915095777796,88.563733320044,1.539056184730
79.915095777796,88.563733320044,0.000000000000
11.712261507323,5.117886225814,0.774403820065
11.712261507323,5.117886225814,0.000000000000
89.724332411462,33.299628767726,4.496364839199
89.724332411462,33.299628767726,0.000000000000
73.300700226460,5.436303799681,0.917464069983
73.300700226460,5.436303799681,0.000000000000
29.914097795759,86.141167957653,1.112721067957
29.914097795760,86.141167957653,0.000000000000
49.797574816713,34.158375534448,4.344790622992
49.797574816713,34.158375534449,0.000000000000
58.191657300076,54.042208809587,3.725322269571
58.191657300075,54.042208809586,0.000000000000
61.076335959108,39.187508856645,0.656403728419
61.076335959108,39.187508856645,0.000000000000
95.457592852223,86.764273896573,2.217950666401
95.457592852223,86.764273896574,0.000000000000
52.574614490271,94.370927784860,4.006920562461
52.574614490270,94.370927784860,0.000000000000
74.908249704381,81.506822340521,2.654661647316
74.908249704381,81.506822340521,0.000000000000
58.045199530525,54.550096752686,2.526321150473
58.045199530525,54.550096752685,0.000000000000
83.765607355918,4.559797688489,1.580018779180
83.765607355918,4.559797688489,0.000000000000
64.549361990361,17.314336099984,1.632637977504
64.549361990361,17.314336099984,0.000000000000
95.209885785276,19.004776667104,4.853471404529
95.209885785276,19.004776667104,0.000000000000
60.927976009673,42.993799932932,3.773235171063
60.927976009672,42.993799932933,0.000000000000
19.663081222661,20.969635146131,1.356739926199
19.663081222661,20.969635146131,0.000000000000
10.137750443223,21.553310701411,2.156794371226
10.137750443224,21.553310701411,0.000000000000
57.384281683697,6.269611139800,1.550054955858
57.384281683696,6.269611139801,0.000000000000
77.092642135748,13.732853777808,0.856555565997
77.092642135748,13.732853777807,0.000000000000
20.263268196667,73.381277118648,2.143901066373
20.263268196665,73.381277118649,0.000000000000
77.538917173654,31.498357106852,1.465453895464
77.538917173653,31.498357106852,0.000000000000
48.994804683821,46.415676305643,4.573566352786
48.994804683822,46.415676305643,0.000000000000
28.929618633669,30.024655476475,1.971192091007
28.929618633669,30.024655476475,0.000000000000
23.521617611986,12.884005573549,3.691444163635
23.521617611986,12.884005573550,0.000000000000
88.135723730603,33.370893574587,3.048338383449
88.135723730601,33.370893574586,0.000000000000
59.678296398624,5.081129995378,4.416845985387
59.678296398625,5.081129995379,0.000000000000
51.641487037164,86.443259655544,3.053080734108
51.641487037165,86.443259655543,0.000000000000
92.469449116300,50.443497135362,2.017029130259
92.469449116300,50.443497135362,0.000000000000
61.459720084356,16.608653928759,0.651075177692
61.459720084355,16.608653928758,0.000000000000
25.261458115276,81.404168119670,0.292352612784
25.261458115276,81.404168119670,0.000000000000
28.092269586211,56.911876177804,1.076757454771
28.092269586211,56.911876177804,0.000000000000
70.031368212431,56.142006948948,3.415215457875
70.031368212428,56.142006948948,0.000000000000
84.060071661252,34.289136606301,1.314447800025
84.060071661252,34.289136606301,0.000000000000
57.169860482991,58.760504406454,4.849688725950
57.169860482992,58.760504406453,0.000000000000
96.559125949698,88.259751386481,4.746040637180
96.559125949695,88.259751386479,0.000000000000
48.820687028277,18.052359147670,4.637925231291
48.820687028276,18.052359147669,0.000000000000
96.473036163112,27.273336535519,3.673079766799
96.473036163110,27.273336535518,0.000000000000
67.263163577471,72.653454218972,3.417467151497
67.263163577472,72.653454218971,0.000000000000
5.132161073268,77.836979900042,0.912078837797
5.132161073268,77.836979900042,0.000000000000
2.277355681567,82.202481873826,0.574018930643
2.277355681567,82.202481873826,0.000000000000
92.613392384626,56.483136221881,1.664216511687
92.613392384627,56.483136221881,0.000000000000
11.339764403801,64.835249768973,0.236276890884
11.339764403801,64.835249768973,0.000000000000
67.299238242731,85.048320840590,2.610960121518
67.299238242731,85.048320840590,0.000000000000
98.845867267796,5.582019514651,1.721703154760
98.845867267796,5.582019514651,0.000000000000
20.089374757044,37.789524290762,1.862531354978
20.089374757042,37.789524290763,0.000000000000
76.528853089083,44.626394957837,1.007245624090
76.528853089083,44.626394957837,0.000000000000
60.956371640536,40.911735317121,2.421237333589
60.956371640535,40.911735317120,0.000000000000
60.730530538585,63.580780691654,2.238442594091
60.730530538585,63.580780691655,0.000000000000
75.314532049332,64.637299870271,2.059482666285
75.314532049330,64.637299870271,0.000000000000
1.850541235160,63.257066476501,4.658462519050
1.850541235156,63.257066476501,0.000000000000
38.221939222460,73.284179983453,1.556175375284
38.221939222460,73.284179983453,0.000000000000
34.730287041492,27.153846423142,4.204297342685
34.730287041492,27.153846423140,0.000000000000
17.856496459374,1.934505650396,1.188294932285
17.856496459374,1.934505650396,0.000000000000
15.356139604486,90.239657408057,0.466160696689
15.356139604486,90.239657408057,0.000000000000
85.928671800802,21.465081946165,4.822088345651
85.928671800803,21.465081946164,0.000000000000
60.546787081690,8.590671370472,1.944137191023
60.546787081688,8.590671370471,0.000000000000
87.409779168953,92.885826672486,2.311760576173
87.409779168953,92.885826672486,0.000000000000
89.988393410478,39.606905853896,1.782869454668
89.988393410478,39.606905853895,0.000000000000
86.039160796475,79.527762681659,4.543667987474
86.039160796475,79.527762681662,0.000000000000
44.139868039892,4.669453592795,1.911564161443
44.139868039893,4.669453592796,0.000000000000
92.133730362127,92.424072307583,0.891638409919
92.133730362126,92.424072307582,0.000000000000
49.786647305736,17.346081209365,2.527746046142
49.786647305737,17.346081209367,0.000000000000
28.795391900801,13.687520275592,4.794044638323
28.795391900800,13.687520275592,0.000000000000
42.394692501541,67.014687889967,4.405462217130
42.394692501541,67.014687889968,0.000000000000
58.828038381467,66.463628091019,0.898781635786
58.828038381467,66.463628091019,0.000000000000
93.021375720493,30.522348417120,2.955607691493
93.021375720493,30.522348417121,0.000000000000
97.948787750990,93.194865548176,1.623864871860
97.948787750990,93.194865548176,0.000000000000
98.222331919299,67.630587277739,0.973494004572
98.222331919299,67.630587277739,0.000000000000
88.378368802997,57.176100111713,2.475379279321
88.378368802996,57.176100111712,0.000000000000
3.869842669211,12.524164934882,0.672993725162
3.869842669211,12.524164934882,0.000000000000
28.125545301035,54.997469121468,1.903166383472
28.125545301035,54.997469121467,0.000000000000
22.678045187386,30.883196141502,4.376855546233
22.678045187387,30.883196141506,0.000000000000
72.725100379163,33.651204174257,3.536119888423
72.725100379165,33.651204174257,0.000000000000
25.468931975201,79.530913509063,3.023039496921
25.468931975201,79.530913509063,0.000000000000
66.307314995658,54.177413943434,1.371968195394
66.307314995659,54.177413943433,0.000000000000
10.991487043497,34.098195375974,3.120135992996
10.991487043499,34.098195375974,0.000000000000
39.693894855755,16.980771448463,3.184505111393
39.693894855755,16.980771448463,0.000000000000
94.016673102851,12.440546575848,4.646995453298
94.016673102851,12.440546575848,0.000000000000
63.360087172803,86.111818582578,1.474307269476
63.360087172803,86.111818582578,0.000000000000
30.251206479094,31.890108444063,4.511359425579
30.251206479093,31.890108444061,0.000000000000
48.233122083472,87.281478511763,2.271913807503
48.233122083472,87.281478511763,0.000000000000
68.826665593299,64.099838755272,1.061747290856
68.826665593299,64.099838755272,0.000000000000
35.515875645751,59.013324411300,4.426433349889
35.515875645748,59.013324411300,0.000000000000
26.461046189977,6.004076788399,3.368042069616
26.461046189978,6.004076788401,0.000000000000
17.649250796774,93.683438046406,4.578447948982
17.649250796774,93.683438046404,0.000000000000
90.162208781983,71.151492046078,1.563215396634
90.162208781983,71.151492046078,0.000000000000
39.044293114267,80.535701837257,4.758637086441
39.044293114265,80.535701837257,0.000000000000
64.542852604043,17.062080499929,3.602920784477
64.542852604042,17.062080499931,0.000000000000
35.382303050607,47.816207410249,4.189051672891
35.382303050609,47.816207410246,0.000000000000
20.157356861217,98.505856885858,1.047604268627
20.157356861217,98.505856885859,0.000000000000
6.187379799545,78.203157560494,0.798176736809
6.187379799544,78.203157560494,0.000000000000
72.713684319622,15.373272564644,1.740361557341
72.713684319623,15.373272564643,0.000000000000
66.958366690050,98.346397759405,3.124788473350
66.958366690050,98.346397759404,0.000000000000
33.456672252851,23.361976598224,0.981764974819
33.456672252851,23.361976598224,0.000000000000
36.807086983666,27.004342599982,2.939310588729
36.807086983665,27.004342599981,0.000000000000
40.712540333208,1.124509920808,0.116774743490
40.712540333208,1.124509920808,0.000000000000
5.041276395457,97.142053326952,2.562406814653
5.041276395457,97.142053326951,0.000000000000
33.393165572960,59.572859828164,0.918381428584
33.393165572960,59.572859828164,0.000000000000
32.036075080629,48.669546382331,2.850300247749
32.036075080630,48.669546382333,0.000000000000
44.541604436155,2.895367309040,2.153020688060
44.541604436155,2.895367309041,0.000000000000
33.986976246650,44.841002353218,1.028184492342
33.986976246650,44.841002353218,0.000000000000
28.069323449959,42.461776740861,1.663416879249
28.069323449959,42.461776740861,0.000000000000
18.054135412737,75.974349119390,4.188886558704
18.054135412736,75.974349119393,0.000000000000
99.595053730479,0.217534146562,2.489142786418
99.595053730480,0.217534146561,0.000000000000
76.666539592352,91.029817386112,3.759355815581
76.666539592352,91.029817386112,0.000000000000
68.426267973302,34.041489423399,2.141456917260
68.426267973302,34.041489423398,0.000000000000
48.499025983689,24.949215978719,4.055762372119
48.499025983691,24.949215978720,0.000000000000
74.984146700404,6.174625219852,2.074281379220
74.984146700405,6.174625219852,0.000000000000
11.348899747378,71.692626111225,1.527685799580
11.348899747378,71.692626111225,0.000000000000
2.530009165928,81.949706642315,2.752803037312
2.530009165927,81.949706642317,0.000000000000
87.919079416238,40.045803768916,4.786857810259
87.919079416241,40.045803768914,0.000000000000
34.986290726147,57.517270851785,3.181808570357
34.986290726149,57.517270851785,0.000000000000
41.625063321091,89.341800283430,3.551943183132
41.625063321090,89.341800283428,0.000000000000
37.034165091605,85.377208296782,3.940103615062
37.034165091606,85.377208296784,0.000000000000
27.383595238390,78.880973790596,2.068228806646
27.383595238391,78.880973790597,0.000000000000
98.944967095869,92.857817354246,0.581522565558
98.944967095869,92.857817354246,0.000000000000
25.553627432127,62.601402313703,0.117438817263
25.553627432127,62.601402313703,0.000000000000
54.073066275380,11.160156484999,4.537132822146
54.073066275381,11.160156484997,0.000000000000
40.493726665782,40.380865381849,3.294700203766
40.493726665781,40.380865381851,0.000000000000
44.415486892318,87.667080092885,3.711473771135
44.415486892318,87.667080092884,0.000000000000
41.272684043441,25.635891950751,3.327706461345
41.272684043441,25.635891950750,0.000000000000
70.607149015713,32.571184489598,1.674287612143
70.607149015714,32.571184489598,0.000000000000
1.757336516289,90.571972643717,2.244062496295
1.757336516289,90.571972643716,0.000000000000
20.749011616175,18.369100550370,4.813466666080
20.749011616175,18.369100550368,0.000000000000
69.179065453179,65.095214089333,1.487113874014
69.179065453179,65.095214089334,0.000000000000
65.138058305885,21.152569586349,4.010044759859
65.138058305885,21.152569586352,0.000000000000
49.241425921725,66.650179602028,2.142356248947
49.241425921726,66.650179602027,0.000000000000
95.532442692376,48.472523196201,2.666081988612
95.532442692374,48.472523196202,0.000000000000
23.622486510658,38.790794035533,1.905730475297
23.622486510659,38.790794035533,0.000000000000
50.342666514049,63.562539271314,3.323958177674
50.342666514049,63.562539271314,0.000000000000
5.355752518865,13.303368135146,2.552979642297
5.355752518867,13.303368135148,0.000000000000
72.312059984754,46.397991955928,0.525842252973
72.312059984754,46.397991955928,0.000000000000
22.261484905702,68.562173997269,1.294125439408
22.261484905703,68.562173997269,0.000000000000
28.344475570054,88.920407880900,3.633843733892
28.344475570054,88.920407880901,0.000000000000
69.286060033250,73.947616219778,1.161799255445
69.286060033249,73.947616219778,0.000000000000
16.115132894355,60.281663187450,3.202009679754
16.115132894355,60.281663187450,0.000000000000
94.957908836949,96.571344762770,4.849468941961
94.957908836948,96.571344762770,0.000000000000
37.227936564808,1.587488742126,1.761645905539
37.227936564807,1.587488742125,0.000000000000
99.402240192440,73.954666960652,0.019820716493
99.402240192440,73.954666960652,0.000000000000
6.672601841367,49.185302232053,2.443679481113
6.672601841367,49.185302232053,0.000000000000
19.930519220780,1.889869638973,4.669608337870
19.930519220781,1.889869638969,0.000000000000
11.820101821465,68.912983879890,0.171936545699
11.820101821465,68.912983879889,0.000000000000
15.691135186645,9.355223911322,1.698301753087
15.691135186645,9.355223911322,0.000000000000
1.045812530799,34.155639099044,0.696128320367
1.045812530799,34.155639099043,0.000000000000
75.672553116430,9.471496141067,0.155016774601
75.672553116430,9.471496141067,0.000000000000
38.742006118022,21.620845584463,2.021409936820
38.742006118024,21.620845584463,0.000000000000
40.367439574662,32.413856834658,0.129823217169
40.367439574662,32.413856834658,0.000000000000
43.656664732980,15.626097808180,0.544831490453
43.656664732980,15.626097808179,0.000000000000
78.827084925965,47.685755141693,3.396490898791
78.827084925967,47.685755141695,0.000000000000
67.768320742950,66.577558859282,2.152558644938
67.768320742950,66.577558859283,0.000000000000
50.428674320961,18.204750210649,3.094218434672
50.428674320960,18.204750210646,0.000000000000
5.126904897950,70.636262184089,0.184454023458
5.126904897950,70.636262184089,0.000000000000
7.359832206472,40.004288666158,4.651002872830
7.359832206472,40.004288666157,0.000000000000
16.462310036682,74.662695436236,3.994370730554
16.462310036682,74.662695436237,0.000000000000
84.296844465133,40.994491667220,0.843497994460
84.296844465132,40.994491667221,0.000000000000
64.914416731847,26.224123559570,2.068125511326
64.914416731844,26.224123559568,0.000000000000
83.308689745191,35.313907276209,0.576191041583
83.308689745192,35.313907276209,0.000000000000
53.205275341565,23.555083665870,4.849710386186
53.205275341567,23.555083665871,0.000000000000
21.136759686388,65.417690879404,3.319329387839
21.136759686385,65.417690879407,0.000000000000
79.116955808440,87.707894445220,3.157987029259
79.116955808437,87.707894445219,0.000000000000
56.512743154226,80.493746777694,4.893821466927
56.512743154229,80.493746777695,0.000000000000
79.300838591199,86.456212653521,1.489653284626
79.300838591199,86.456212653521,0.000000000000
19.362273818663,32.476760273605,1.816266308954
19.362273818664,32.476760273607,0.000000000000
89.917014260483,83.286450180128,2.893164911489
89.917014260484,83.286450180129,0.000000000000
62.516093417850,11.492600964955,0.849214004501
62.516093417850,11.492600964955,0.000000000000
68.883643329096,79.151515374779,1.460132944330
68.883643329097,79.151515374780,0.000000000000
30.463797584285,9.526964621993,2.025283883852
30.463797584286,9.526964621994,0.000000000000
40.280524100724,71.098023906441,4.972542344893
40.280524100723,71.098023906437,0.000000000000
85.418048633019,59.918592326126,4.628169845710
85.418048633024,59.918592326125,0.000000000000
1.793546200045,75.395867736624,3.906568557156
1.793546200040,75.395867736625,0.000000000000
21.189366469017,49.235010622275,1.861677816424
21.189366469018,49.235010622273,0.000000000000
75.909956006629,7.668924353816,4.519078080768
75.909956006626,7.668924353818,0.000000000000
90.215090071954,25.500455546215,3.813741539665
90.215090071956,25.500455546216,0.000000000000
79.077990038372,22.837483591912,3.004481785449
79.077990038370,22.837483591911,0.000000000000
50.994356420549,32.094897743254,0.583677132708
50.994356420548,32.094897743254,0.000000000000
85.339043906546,61.312292644977,2.002404603758
85.339043906547,61.312292644978,0.000000000000
50.896526613850,48.393978869065,0.562794663026
50.896526613850,48.393978869065,0.000000000000
70.877101165810,12.589211603290,1.320424956421
70.877101165811,12.589211603289,0.000000000000
30.999029927840,32.459920540374,2.274904727978
30.999029927841,32.459920540373,0.000000000000
19.586474931330,52.658856090401,2.891308701688
19.586474931331,52.658856090400,0.000000000000
58.875535555675,44.543612810101,4.830357732650
58.875535555676,44.543612810101,0.000000000000
27.085756797771,40.044817917357,4.747908062433
27.085756797776,40.044817917357,0.000000000000
70.049064343377,22.531446066345,3.092039187472
70.049064343375,22.531446066346,0.000000000000
5.703306334626,15.746849955838,3.432729880793
5.703306334632,15.746849955839,0.000000000000
78.727742837595,27.152224780913,2.045053670968
78.727742837593,27.152224780913,0.000000000000
6.087572329262,5.946510549838,3.224953867213
6.087572329268,5.946510549840,0.000000000000
81.302917541705,2.823970720029,0.156219768686
81.302917541705,2.823970720029,0.000000000000
71.155495010396,73.205994564771,2.366556905267
71.155495010396,73.205994564772,0.000000000000
86.299125209967,83.102060920845,4.947592812613
86.299125209964,83.102060920843,0.000000000000
50.735426031279,7.982861171578,2.812146183552
50.735426031277,7.982861171574,0.000000000000
63.109959877765,91.963348777121,4.734897152488
63.109959877766,91.963348777128,0.000000000000
14.060014654995,80.609157883261,0.210931424255
14.060014654994,80.609157883261,0.000000000000
72.853245458909,28.929437980364,2.900234621076
72.853245458908,28.929437980365,0.000000000000
34.680650106998,14.952033620799,0.674866205168
34.680650106997,14.952033620798,0.000000000000
55.583908306773,97.310827565531,0.916510690151
55.583908306773,97.310827565533,0.000000000000
26.083169487607,47.706639609062,3.431393934584
26.083169487606,47.706639609060,0.000000000000
5.494964551868,8.710222833726,3.319847508224
5.494964551868,8.710222833726,0.000000000000
2.080007300862,48.632454712771,2.992604931924
2.080007300862,48.632454712768,0.000000000000
55.694929320492,94.679382767834,4.788404641670
55.694929320497,94.679382767838,0.000000000000
81.423129498961,35.106001748249,1.360703823861
81.423129498961,35.106001748250,0.000000000000
13.690907589092,35.238233820897,4.628169306707
13.690907589088,35.238233820897,0.000000000000
23.149790501957,97.423998304687,2.234849398920
23.149790501956,97.423998304684,0.000000000000
55.502932086729,19.365606230694,0.249350924712
55.502932086729,19.365606230694,0.000000000000
92.534573899394,15.008649770589,2.833568956559
92.534573899397,15.008649770589,0.000000000000
3.757663136719,34.829121489184,0.872696154174
3.757663136720,34.829121489184,0.000000000000
8.641590643081,49.152720468996,4.448432150593
8.641590643079,49.152720468991,0.000000000000
11.203781452586,28.038315598846,2.380848297667
11.203781452586,28.038315598846,0.000000000000
62.163516513540,17.347375421844,2.229394886809
62.163516513541,17.347375421844,0.000000000000
36.569611799549,99.422847521480,1.349748325475
36.569611799549,99.422847521481,0.000000000000
82.066225300025,8.317168739152,1.708600152142
82.066225300026,8.317168739150,0.000000000000
53.817483734814,86.509866149643,0.041864331278
53.817483734814,86.509866149643,0.000000000000
74.182136410355,27.341903440448,1.007425556785
74.182136410355,27.341903440448,0.000000000000
93.979206948465,85.072004607640,3.837245696491
93.979206948464,85.072004607635,0.000000000000
0.476728589078,43.169956207124,4.013749143309
0.476728589080,43.169956207125,0.000000000000
59.491283324125,63.212350417899,1.409208874245
59.491283324125,63.212350417899,0.000000000000
20.064701552842,32.243078808896,2.615237170590
20.064701552844,32.243078808897,0.000000000000
46.477229862303,74.351766720686,2.473767917730
46.477229862303,74.351766720686,0.000000000000
21.666165140123,60.254471407488,1.132751403053
21.666165140122,60.254471407488,0.000000000000
30.614231682327,18.633005389866,1.506998124173
30.614231682327,18.633005389865,0.000000000000
91.853018036445,61.653915891427,4.129345883593
91.853018036442,61.653915891426,0.000000000000
37.042908953718,78.391967296025,3.047551659143
37.042908953716,78.391967296026,0.000000000000
44.734467171312,37.025294709313,0.778329245954
44.734467171312,37.025294709312,0.000000000000
88.208427058382,33.772697794419,3.478358510998
88.208427058387,33.772697794419,0.000000000000
42.478335284510,84.421379272744,2.939419573266
42.478335284510,84.421379272744,0.000000000000
82.821991859696,36.953148335743,3.437407925953
82.821991859695,36.953148335746,0.000000000000
9.881547758207,63.411865055018,0.439569449851
9.881547758207,63.411865055018,0.000000000000
31.470644601130,2.737638836128,4.897699329006
31.470644601131,2.737638836125,0.000000000000
15.184655659461,50.887684241086,1.446679661961
15.184655659462,50.887684241083,0.000000000000
97.290956982532,80.260811302403,3.302491864170
97.290956982537,80.260811302405,0.000000000000
91.237471200850,32.443274335983,1.463096837821
91.237471200851,32.443274335985,0.000000000000
20.167899107310,35.437367570347,0.408029936922
20.167899107310,35.437367570347,0.000000000000
91.780935831004,19.425940918875,3.812504211208
91.780935831008,19.425940918874,0.000000000000
16.843092488908,19.451338459244,3.749055358303
16.843092488913,19.451338459244,0.000000000000
57.527066386684,21.137095986986,1.230525629583
57.527066386685,21.137095986986,0.000000000000
91.790024748148,34.437376554817,0.261716088149
91.790024748148,34.437376554817,0.000000000000
69.627729030924,56.776703616966,4.955368355316
69.627729030928,56.776703616962,0.000000000000
75.170506102840,90.169784462851,4.307038880853
75.170506102839,90.169784462844,0.000000000000
31.195468103666,35.764623163045,2.511620493004
31.195468103667,35.764623163046,0.000000000000
58.237831856466,45.414317037486,2.506094265559
58.237831856462,45.414317037485,0.000000000000
57.037113086255,64.720193450758,4.748206156685
57.037113086255,64.720193450754,0.000000000000
52.693305551123,61.344380248252,3.188955231640
52.693305551120,61.344380248250,0.000000000000
58.392624451235,2.382188289309,3.726030364636
58.392624451236,2.382188289304,0.000000000000
73.156934118979,17.688283365956,4.137732441455
73.156934118979,17.688283365956,0.000000000000
80.205109525161,59.254111425219,2.409513780423
80.205109525161,59.254111425221,0.000000000000
61.705799082947,95.448308869556,2.147707984951
61.705799082948,95.448308869555,0.000000000000
28.342417742876,96.118310790651,2.446198333942
28.342417742877,96.118310790651,0.000000000000
53.533045746124,36.054187407547,2.830474489308
53.533045746123,36.054187407550,0.000000000000
91.855032650253,5.508648777799,1.873008406159
91.855032650253,5.508648777799,0.000000000000
24.560493325950,30.634149669647,2.541281606207
24.560493325946,30.634149669649,0.000000000000
95.316569326875,21.651243372694,0.930172942690
95.316569326876,21.651243372694,0.000000000000
89.435622818444,1.006616281666,0.339068810112
89.435622818444,1.006616281666,0.000000000000
79.440243710664,34.724290371559,1.951894943135
79.440243710665,34.724290371556,0.000000000000
87.772571867494,13.783346970318,1.738883476166
87.772571867494,13.783346970318,0.000000000000
35.178055664766,51.781985156856,4.287369634670
35.178055664764,51.781985156857,0.000000000000
41.816046717050,75.636664506147,1.389914029069
41.816046717050,75.636664506148,0.000000000000
38.407451447274,81.123633117814,2.348604871312
38.407451447273,81.123633117816,0.000000000000
30.568576384863,39.967784102377,1.705214353205
30.568576384863,39.967784102378,0.000000000000
94.005422353076,61.097455981251,3.012453590424
94.005422353075,61.097455981250,0.000000000000
8.631574757250,94.620554261160,1.076351840487
8.631574757252,94.620554261159,0.000000000000
72.877599335867,8.055245824040,1.016524643972
72.877599335868,8.055245824039,0.000000000000
89.694324870692,9.686299696274,0.116401014200
89.694324870691,9.686299696274,0.000000000000
79.205310990732,60.864224624764,3.548298908408
79.205310990733,60.864224624758,0.000000000000
0.517909160751,41.362594953603,4.444310952541
0.517909160746,41.362594953602,0.000000000000
24.029291886392,91.962622252345,3.087069995727
24.029291886393,91.962622252348,0.000000000000
61.864105604527,32.446039688954,0.277416451765
61.864105604527,32.446039688954,0.000000000000
14.515091669545,45.913873112315,3.224957215318
14.515091669550,45.913873112313,0.000000000000
59.414926929936,45.489935963859,2.416672036673
59.414926929938,45.489935963859,0.000000000000
23.975211239151,41.014166346506,4.422677775127
23.975211239155,41.014166346506,0.000000000000
20.373604432146,37.251202656946,0.726794619386
20.373604432146,37.251202656946,0.000000000000
4.510031044038,18.433782792237,0.552590511492
4.510031044038,18.433782792238,0.000000000000
62.494534323659,46.889812302096,3.416760257838
62.494534323660,46.889812302097,0.000000000000
11.874924104191,7.182636343406,3.290066243926
11.874924104195,7.182636343409,0.000000000000
69.887723921949,12.750796613322,1.313494412044
69.887723921951,12.750796613322,0.000000000000
24.462193364309,44.829094951146,2.324292733905
24.462193364312,44.829094951144,0.000000000000
66.374703661059,26.074910541899,3.018225770861
66.374703661060,26.074910541898,0.000000000000
90.261000738081,56.886999712441,0.570689058794
90.261000738081,56.886999712441,0.000000000000
51.105771476869,89.759427767704,4.243653201889
51.105771476866,89.759427767705,0.000000000000
74.583296667162,67.038570843642,0.070423771312
74.583296667162,67.038570843642,0.000000000000
56.285780646708,38.356124790868,3.517288312222
56.285780646708,38.356124790868,0.000000000000
90.999667189999,64.716994287710,4.526493461223
90.999667189997,64.716994287708,0.000000000000
48.381116954440,62.241369450047,2.331150046056
48.381116954436,62.241369450047,0.000000000000
95.833297477412,9.935313106176,0.705007306915
95.833297477412,9.935313106176,0.000000000000
34.525418556595,25.015050429648,3.497469134739
34.525418556599,25.015050429647,0.000000000000
88.896023549692,6.819290555644,0.844719690667
88.896023549692,6.819290555644,0.000000000000
84.104153256319,77.296861395647,3.912127826764
84.104153256319,77.296861395648,0.000000000000
33.750277180238,56.658675052459,0.321234674616
33.750277180238,56.658675052459,0.000000000000
44.577503523817,36.005125867451,1.493376285215
44.577503523817,36.005125867452,0.000000000000
76.380011669137,29.419709956110,1.323721965387
76.380011669136,29.419709956111,0.000000000000
73.002128485693,52.936985672194,3.108149979146
73.002128485693,52.936985672194,0.000000000000
21.560209450434,95.423955760939,3.875746823883
21.560209450437,95.423955760936,0.000000000000
48.285125974404,9.573818438536,1.730148125177
48.285125974404,9.573818438537,0.000000000000
31.482877826420,78.467810764281,3.506808681278
31.482877826421,78.467810764279,0.000000000000
56.430961945476,5.802736037171,0.964922846925
56.430961945476,5.802736037171,0.000000000000
68.268772424176,69.882723278274,4.113553390051
68.268772424176,69.882723278270,0.000000000000
17.481805183044,1.393004574288,2.858490790139
17.481805183046,1.393004574291,0.000000000000
69.193456739243,8.839578679444,2.868094168735
69.193456739242,8.839578679444,0.000000000000
87.744994985629,42.569794914340,3.663345801638
87.744994985629,42.569794914340,0.000000000000
92.874142787843,86.031601972546,2.775792627913
92.874142787843,86.031601972542,0.000000000000
56.585029598718,23.239689514473,0.062099983431
56.585029598718,23.239689514473,0.000000000000
44.167853539557,6.013085425534,2.881834398588
44.167853539555,6.013085425532,0.000000000000
61.782692361344,35.147200387581,1.402619471016
61.782692361343,35.147200387579,0.000000000000
38.218520430255,73.175354236847,0.227100918357
38.218520430255,73.175354236847,0.000000000000
35.344179335886,71.353775551912,3.784175352684
35.344179335884,71.353775551911,0.000000000000
29.866449561022,66.381262873137,2.378541169394
29.866449561021,66.381262873137,0.000000000000
83.936202143955,55.732454869978,4.943572192747
83.936202143953,55.732454869978,0.000000000000
24.585019986537,24.342784416699,2.697427303313
24.585019986533,24.342784416696,0.000000000000
86.062090075788,22.109656035623,2.870841696191
86.062090075791,22.109656035623,0.000000000000
59.510447592049,2.367229478523,1.097265885498
59.510447592048,2.367229478522,0.000000000000
55.410687188949,90.216467404977,3.589056670089
55.410687188949,90.216467404976,0.000000000000
73.773333883112,57.759064602173,0.146320622981
73.773333883112,57.759064602173,0.000000000000
39.637398171373,2.634174504296,4.281861753116
39.637398171375,2.634174504299,0.000000000000
0.591805279976,18.823651367640,2.355897283421
0.591805279973,18.823651367641,0.000000000000
73.595124415072,18.426600874572,0.617565980287
73.595124415071,18.426600874572,0.000000000000
21.007079088472,28.555704755612,3.167513761167
21.007079088472,28.555704755612,0.000000000000
89.867021421050,84.073464709167,0.116941064904
89.867021421050,84.073464709166,0.000000000000
40.136123622841,12.981651816560,1.081810068576
40.136123622841,12.981651816560,0.000000000000
31.361761065956,29.410969586457,4.914493358744
31.361761065958,29.410969586452,0.000000000000
73.074062215026,17.815934099656,3.777095369444
73.074062215025,17.815934099656,0.000000000000
24.867034114977,70.524365633975,1.015449338875
24.867034114976,70.524365633976,0.000000000000
67.321995762870,16.343837929777,1.817904305208
67.321995762870,16.343837929777,0.000000000000
75.301825013659,11.020252875102,2.801179574487
75.301825013658,11.020252875102,0.000000000000
97.585863247015,94.982363203618,4.214872683327
97.585863247015,94.982363203615,0.000000000000
44.683832767009,28.782110425336,1.575729237579
44.683832767011,28.782110425338,0.000000000000
99.749479244438,49.190644740978,4.675807593755
99.749479244444,49.190644740980,0.000000000000
96.950170436324,20.426064601313,1.302741619519
96.950170436324,20.426064601314,0.000000000000
15.583048304840,38.975942392600,0.686206581940
15.583048304839,38.975942392600,0.000000000000
0.349955557098,39.275599915843,0.749382950801
0.349955557100,39.275599915843,0.000000000000
67.205307557877,21.222188350329,3.517438088690
67.205307557876,21.222188350329,0.000000000000
23.647007979121,46.320086865355,3.106571123043
23.647007979120,46.320086865356,0.000000000000
29.306788904549,89.010165588491,2.239171256252
29.306788904549,89.010165588490,0.000000000000
92.044597804844,20.421660469776,2.616753167073
92.044597804847,20.421660469773,0.000000000000
28.660067511092,77.755147724662,3.855345029596
28.660067511093,77.755147724661,0.000000000000
69.504728833442,68.455949877118,4.549344361588
69.504728833443,68.455949877118,0.000000000000
3.957101102703,39.730935139590,0.369533484770
3.957101102703,39.730935139590,0.000000000000
74.215442719127,58.435309900563,3.821589100382
74.215442719131,58.435309900564,0.000000000000
40.503172675301,93.910028443971,1.903228616778
40.503172675300,93.910028443973,0.000000000000
5.033607279647,91.824458120271,3.603008858493
5.033607279643,91.824458120271,0.000000000000
37.194939315447,2.703082552702,0.355677264505
37.194939315446,2.703082552702,0.000000000000
97.889051879971,65.428213195193,0.700617513090
97.889051879971,65.428213195193,0.000000000000
49.554164150559,80.782883638246,4.369888364788
49.554164150564,80.782883638244,0.000000000000
18.172282068952,85.837794177761,4.833090470704
18.172282068948,85.837794177761,0.000000000000
48.238710205455,39.646759849630,0.599092898101
48.238710205455,39.646759849630,0.000000000000
95.908958569417,57.234852971707,4.898726480067
95.908958569412,57.234852971705,0.000000000000
62.768998545583,18.199046697794,3.868687830327
62.768998545583,18.199046697794,0.000000000000
86.627989313244,10.383839337118,1.699927484986
86.627989313245,10.383839337117,0.000000000000
9.093703001619,23.425841907173,4.868275310751
9.093703001615,23.425841907174,0.000000000000
8.709728487680,30.624656861166,1.692210073112
8.709728487680,30.624656861166,0.000000000000
73.475614442240,40.854905405506,3.202677496280
73.475614442239,40.854905405505,0.000000000000
70.767688266858,2.688676202494,0.751157673365
70.767688266858,2.688676202495,0.000000000000
14.594290320671,81.551219071879,2.339981787772
14.594290320669,81.551219071882,0.000000000000
37.843099718766,7.119679679371,2.159974083601
37.843099718767,7.119679679368,0.000000000000
70.752341001408,33.092011158154,1.061004891686
70.752341001407,33.092011158153,0.000000000000
90.073959770469,83.133890920284,1.872997524818
90.073959770469,83.133890920283,0.000000000000
72.900182582261,46.099453323681,1.758111114774
72.900182582262,46.099453323683,0.000000000000
96.483795453941,46.678633640789,3.506189771995
96.483795453943,46.678633640789,0.000000000000
49.462586871399,31.904321894073,0.688009293076
49.462586871398,31.904321894072,0.000000000000
3.956975606980,98.378127990908,0.323511971461
3.956975606980,98.378127990908,0.000000000000
7.658325855837,38.910164426387,1.413169386550
7.658325855837,38.910164426385,0.000000000000
91.851051828130,70.056782679588,2.593720017349
91.851051828138,70.056782679591,0.000000000000
12.363984266228,12.756494864205,3.800198873608
12.363984266225,12.756494864202,0.000000000000
58.071122825796,19.126226678084,2.607223186014
58.071122825795,19.126226678084,0.000000000000
98.287719195673,86.834525750387,1.160320331423
98.287719195672,86.834525750386,0.000000000000
65.062735703087,82.979930485558,2.461234204689
65.062735703083,82.979930485558,0.000000000000
86.868595557443,38.106869819162,1.138455403689
86.868595557443,38.106869819162,0.000000000000
74.953772684183,78.010060434717,1.848099882343
74.953772684182,78.010060434721,0.000000000000
30.494989022370,37.649272971565,2.520807240933
30.494989022363,37.649272971559,0.000000000000
58.769022609097,77.056233987142,3.587188702341
58.769022609102,77.056233987148,0.000000000000
36.864478529387,24.496085847538,3.667923757557
36.864478529388,24.496085847542,0.000000000000
18.960954212555,91.724898614636,2.080716709092
18.960954212555,91.724898614639,0.000000000000
62.333661845280,39.008610954925,2.222992285942
62.333661845283,39.008610954922,0.000000000000
82.880924627937,33.078100993355,3.742219979964
82.880924627937,33.078100993355,0.000000000000
7.039120086501,49.199888746621,1.256699420371
7.039120086501,49.199888746621,0.000000000000
83.670207719180,14.887005741824,0.135537370386
83.670207719179,14.887005741824,0.000000000000
79.602103507434,12.773782191087,2.997417194644
79.602103507437,12.773782191088,0.000000000000
91.667083014444,84.499114396939,3.339501423672
91.667083014442,84.499114396930,0.000000000000
11.398046363796,93.027564685264,2.903616976447
11.398046363802,93.027564685263,0.000000000000
9.488382766392,26.180187041284,4.581839133292
9.488382766392,26.180187041273,0.000000000000
30.417989456780,17.007673819921,4.302989152498
30.417989456768,17.007673819926,0.000000000000
95.059887383239,16.663507154679,0.036547041405
95.059887383240,16.663507154679,0.000000000000
79.536257228707,57.245466789942,4.156979393366
79.536257228706,57.245466789946,0.000000000000
65.143822913504,84.055708298364,2.889772347657
65.143822913505,84.055708298363,0.000000000000
42.015658956779,3.834834903862,1.091416748710
42.015658956779,3.834834903860,0.000000000000
61.076709978272,73.280820935595,0.358004420871
61.076709978272,73.280820935594,0.000000000000
32.663535488307,80.316186488086,0.304664317139
32.663535488307,80.316186488086,0.000000000000
22.985678720526,86.825517439215,1.348849800546
22.985678720528,86.825517439214,0.000000000000
44.315262236068,72.318179146895,1.715607556246
44.315262236072,72.318179146892,0.000000000000
65.657306522299,25.981979049801,0.748919372162
65.657306522300,25.981979049798,0.000000000000
79.261735474328,7.073443073611,2.177354195828
79.261735474329,7.073443073609,0.000000000000
96.615413412453,78.958334569664,3.368747530202
96.615413412454,78.958334569669,0.000000000000
96.320169706502,28.561502075939,0.194958849007
96.320169706502,28.561502075939,0.000000000000
67.502078190547,5.405691830531,1.087149173517
67.502078190547,5.405691830531,0.000000000000
80.316632125960,14.674466930397,2.286425080517
80.316632125963,14.674466930400,0.000000000000
10.269166863520,91.841144697498,0.094657170048
10.269166863521,91.841144697498,0.000000000000
83.043565129177,46.198439739941,0.832383950040
83.043565129175,46.198439739943,0.000000000000
37.332623048030,19.129340741528,3.035590072722
37.332623048025,19.129340741525,0.000000000000
25.832551199284,16.813154704202,2.241773932774
25.832551199278,16.813154704201,0.000000000000
93.538323057809,10.457061528011,0.356742966502
93.538323057810,10.457061528011,0.000000000000
47.036824162039,53.239564405249,3.702574864760
47.036824162038,53.239564405250,0.000000000000
7.123650815738,65.294095496920,4.084074161827
7.123650815736,65.294095496921,0.000000000000
45.043633754616,89.306481875421,4.205256110219
45.043633754626,89.306481875427,0.000000000000
58.529543777496,27.185407363475,4.856492936413
58.529543777497,27.185407363468,0.000000000000
87.262696481925,47.960100294021,1.268568987460
87.262696481923,47.960100294020,0.000000000000
95.650202384042,99.615535563797,0.276916127791
95.650202384042,99.615535563796,0.000000000000
71.499793294807,2.812778759994,2.974097910014
71.499793294807,2.812778759995,0.000000000000
72.039882532390,86.626709280153,1.934421696318
72.039882532390,86.626709280150,0.000000000000
3.551465584595,0.495652505917,3.983268851535
3.551465584590,0.495652505911,0.000000000000
36.409845662594,89.852540634882,4.316184314146
36.409845662592,89.852540634876,0.000000000000