16.806892351209,65.931603804644,4.350972349057
16.806892351209,65.931603804644,0.000000000000
65.350792322532,35.512255152350,2.322992102285
65.350792322532,35.512255152350,0.000000000000
41.010048247429,87.231813195212,4.019747132228
41.010048247429,87.231813195212,0.000000000000
72.596199088732,23.664794751042,2.445604691442
72.596199088732,23.664794751042,0.000000000000
72.144810088473,23.294819762307,4.232839746501
72.144810088473,23.294819762307,0.000000000000
77.563828004821,2.009195954984,2.597874747673
77.563828004821,2.009195954984,0.000000000000
39.230744577943,76.278587143390,0.723903820750
39.230744577943,76.278587143390,0.000000000000
0.325340816674,7.304316647187,2.345415149547
0.325340816674,7.304316647187,0.000000000000
82.381188388748,30.167171981831,2.759926513318
82.381188388748,30.167171981831,0.000000000000
34.723259839797,6.789926069860,2.673067044466
34.723259839797,6.789926069860,0.000000000000
86.192448583438,19.046039870376,4.166051267306
86.192448583438,19.046039870376,0.000000000000
69.743193873806,64.807253302985,3.734205947657
69.743193873806,64.807253302985,0.000000000000
80.046729266113,4.023832021504,4.485080486139
80.046729266113,4.023832021504,0.000000000000
83.668422816096,18.483530088462,2.282106669079
83.668422816096,18.483530088461,0.000000000000
20.496170935967,97.929519594028,3.010058152976
20.496170935967,97.929519594028,0.000000000000
12.789664757496,71.414702584561,1.093286196097
12.789664757496,71.414702584561,0.000000000000
78.489307343442,67.928780994654,1.801479728824
78.489307343442,67.928780994654,0.000000000000
48.791697958641,68.482951667265,3.728225517662
48.791697958641,68.482951667265,0.000000000000
44.839309162129,38.058742255955,1.038671538942
44.839309162129,38.058742255955,0.000000000000
45.847105289855,13.542820866431,1.315182136269
45.847105289855,13.542820866431,0.000000000000
86.909440061348,98.884329588139,0.165493324032
86.909440061348,98.884329588139,0.000000000000
56.759181713199,19.547410999858,2.490495604701
56.759181713199,19.547410999858,0.000000000000
16.429935492907,24.224690659609,0.542572381174
16.429935492907,24.224690659609,0.000000000000
39.168533321250,25.768243628506,2.509296370422
39.168533321250,25.768243628506,0.000000000000
23.197348491533,32.099253958241,0.487376549601
23.197348491533,32.099253958241,0.000000000000
8.940972122299,70.295807258582,2.480754149378
8.940972122299,70.295807258581,0.000000000000
18.768313714259,30.584031334491,3.896283847379
18.768313714259,30.584031334492,0.000000000000
65.560433416760,24.477026888919,2.104225552799
65.560433416760,24.477026888919,0.000000000000
96.499323070017,34.360467653483,2.305446053979
96.499323070016,34.360467653483,0.000000000000
23.953311653409,98.541513224280,3.154102525686
23.953311653409,98.541513224280,0.000000000000
7.334370428126,79.874573162271,4.076088608202
7.334370428126,79.874573162271,0.000000000000
50.341942433995,40.041924437676,0.883885788230
50.341942433995,40.041924437676,0.000000000000
80.730714041737,87.920968790437,4.591571092616
80.730714041737,87.920968790436,0.000000000000
85.777968457392,89.345318377909,0.606217168060
85.777968457392,89.345318377909,0.000000000000
71.951625092406,50.139220810718,1.538029042983
71.951625092406,50.139220810718,0.000000000000
29.852839351955,17.989308862429,0.093426075632
29.852839351955,17.989308862429,0.000000000000
35.600767565183,57.399769928109,4.237574059846
35.600767565183,57.399769928109,0.000000000000
76.006999381226,69.377897454100,0.211242062258
76.006999381226,69.377897454100,0.000000000000
80.688240514871,70.132305889279,4.883055332041
80.688240514872,70.132305889279,0.000000000000
90.028558025588,18.337733651104,3.798341979286
90.028558025588,18.337733651103,0.000000000000
20.749493459215,61.383365622661,4.938799215544
20.749493459215,61.383365622661,0.000000000000
96.237537850954,97.635919765632,1.284936901011
96.237537850954,97.635919765632,0.000000000000
62.400856935274,64.826350469114,0.035042025216
62.400856935274,64.826350469114,0.000000000000
34.731311053995,22.422620156758,4.463981011302
34.731311053996,22.422620156758,0.000000000000
19.127621380274,51.498889180778,0.591017700017
19.127621380274,51.498889180778,0.000000000000
87.037974573648,25.416528733130,4.521694511760
87.037974573648,25.416528733130,0.000000000000
79.700012779236,7.763976956463,0.041271794723
79.700012779236,7.763976956463,0.000000000000
58.871196127778,6.969839718595,0.821000238827
58.871196127778,6.969839718595,0.000000000000
33.775401586966,19.703865819239,4.184544053950
33.775401586964,19.703865819240,0.000000000000
8.772029384175,73.785785666537,2.794648412682
8.772029384175,73.785785666538,0.000000000000